140
11 0
3 0
10 0
3 0
13 3
3 0
14 0
7 0
8 0
4 2
1 0
9 0
16 0
8 0
14 2
17 0
8 0
16 0
14 0
2 0
15 0
4 0
9 0
7 0
2 2
19 0
6 0
18 0
15 0
8 1
3 0
5 0
17 0
2 0
15 2
12 0
1 0
9 0
14 0
16 0
11 0
7 0
8 0
15 0
15 1
11 0
14 0
9 0
5 0
6 3
8 0
17 0
5 0
1 0
17 1
2 0
19 0
13 0
18 0
14 0
1 0
19 0
19 0
10 0
8 2
4 0
13 0
4 0
19 0
18 0
2 0
12 0
3 0
12 0
16 0
8 0
4 0
14 0
11 0
12 0
2 0
7 0
10 0
7 0
1 2
14 0
14 0
16 0
14 0
6 0
15 0
9 0
8 0
6 0
5 0
3 0
8 0
5 0
20 0
16 0
9 0
18 0
20 0
4 0
5 3
17 0
14 0
4 0
6 0
17 0
13 0
19 0
5 0
8 0
6 2
4 0
6 0
14 0
9 0
5 0
15 0
2 0
9 0
19 0
5 0
16 0
4 0
7 0
18 0
17 0
13 0
3 0
1 0
2 0
4 0
19 0
16 0
13 0
17 0
4 1
