160
10 0
18 0
10 0
13 0
2 1
9 0
9 0
3 0
6 0
11 0
7 0
7 0
13 0
13 0
1 1
12 0
4 0
7 0
15 0
11 0
6 0
20 0
3 0
17 0
13 2
3 0
1 0
19 0
7 0
11 3
6 0
7 0
2 0
8 0
18 0
12 0
1 0
19 0
3 0
14 3
8 0
2 0
5 0
16 0
12 2
2 0
5 0
16 0
9 0
19 1
5 0
10 0
10 0
16 0
20 2
5 0
16 0
16 0
3 0
20 3
19 0
10 0
4 0
2 0
15 2
6 0
10 0
19 0
1 0
17 3
7 0
17 0
4 0
17 0
1 1
20 0
20 0
14 0
10 0
14 0
14 0
15 0
20 0
20 0
14 3
15 0
10 0
7 0
16 0
8 0
13 0
4 0
4 0
20 0
12 1
4 0
14 0
3 0
8 0
8 2
14 0
6 0
16 0
7 0
13 1
6 0
14 0
15 0
10 0
6 1
12 0
20 0
10 0
1 0
13 2
1 0
12 0
5 0
5 0
17 1
14 0
8 0
9 0
15 0
18 3
9 0
16 0
6 0
18 0
11 2
15 0
5 0
13 0
18 0
18 1
20 0
11 0
15 0
20 0
18 2
17 0
17 0
4 0
1 0
18 1
7 0
10 0
2 0
11 0
19 3
6 0
6 0
20 0
18 0
10 2
5 0
1 0
9 0
14 0
11 1
