110
6 0
17 0
15 0
9 0
5 2
5 0
16 0
1 0
17 0
10 2
8 0
13 0
20 0
16 0
3 3
14 0
4 0
1 0
9 0
18 3
14 0
1 0
11 0
18 0
2 1
3 0
5 0
18 0
1 0
9 2
3 0
1 0
17 0
4 0
16 1
14 0
16 0
17 0
17 0
15 2
1 0
9 0
19 0
18 0
2 2
6 0
17 0
12 0
1 0
20 2
15 0
12 0
4 0
13 0
1 2
10 0
16 0
13 0
5 0
17 3
1 0
3 0
5 0
7 0
5 3
18 0
14 0
10 0
8 0
1 0
8 0
1 0
15 0
15 0
11 3
19 0
14 0
19 0
11 0
4 1
20 0
2 0
5 0
14 0
18 1
8 0
13 0
17 0
16 0
3 3
10 0
19 0
20 0
4 0
4 1
18 0
6 0
7 0
17 0
1 2
2 0
8 0
8 0
10 0
5 0
4 0
9 0
11 0
7 0
8 3
