180
5 0
19 0
15 0
10 0
7 3
17 0
7 0
18 0
14 0
17 3
16 0
5 0
9 0
12 0
7 2
14 0
5 0
16 0
20 0
4 1
5 0
20 0
7 0
10 0
11 3
19 0
17 0
17 0
8 0
17 1
13 0
5 0
20 0
20 0
11 0
4 0
15 0
8 0
8 0
14 3
5 0
5 0
4 0
1 0
19 3
20 0
6 0
7 0
15 0
5 2
12 0
8 0
20 0
19 0
13 3
20 0
12 0
6 0
5 0
3 3
20 0
12 0
1 0
8 0
20 3
1 0
8 0
20 0
12 0
20 2
2 0
6 0
20 0
19 0
1 2
5 0
17 0
19 0
15 0
19 0
10 0
1 0
9 0
14 0
4 2
6 0
16 0
2 0
14 0
4 1
15 0
4 0
2 0
19 0
14 0
10 0
17 0
1 0
2 0
4 0
11 0
14 0
14 0
13 0
5 2
5 0
15 0
20 0
13 0
5 0
13 0
15 0
6 0
13 0
12 3
4 0
10 0
4 0
20 0
2 0
6 0
6 0
14 0
17 0
12 0
1 0
1 0
3 0
20 0
20 2
5 0
8 0
7 0
4 0
19 0
7 0
19 0
2 0
19 0
2 0
11 0
10 0
12 0
18 0
20 2
8 0
12 0
9 0
8 0
17 3
18 0
18 0
14 0
18 0
10 1
20 0
16 0
6 0
8 0
12 1
8 0
11 0
13 0
6 0
4 0
9 0
1 0
4 0
3 0
18 1
3 0
16 0
17 0
11 0
1 2
9 0
6 0
6 0
13 0
1 1
