120
8 0
16 0
4 0
3 0
9 0
19 0
3 0
3 0
9 0
8 0
14 0
16 0
4 0
1 0
3 3
8 0
9 0
7 0
8 0
16 0
14 0
15 0
1 0
2 0
9 3
2 0
1 0
1 0
15 0
14 0
13 0
20 0
9 0
7 0
17 1
19 0
14 0
18 0
8 0
16 3
19 0
2 0
8 0
4 0
11 1
6 0
15 0
8 0
3 0
20 1
16 0
16 0
15 0
5 0
4 2
15 0
3 0
10 0
18 0
17 0
11 0
12 0
16 0
7 0
8 1
5 0
11 0
3 0
1 0
6 2
10 0
1 0
10 0
15 0
16 3
7 0
20 0
10 0
9 0
15 2
11 0
12 0
17 0
3 0
2 3
9 0
14 0
4 0
3 0
12 0
13 0
8 0
1 0
6 0
8 2
6 0
8 0
19 0
11 0
13 2
8 0
16 0
14 0
6 0
14 1
11 0
9 0
18 0
2 0
5 1
4 0
9 0
11 0
15 0
4 3
18 0
6 0
1 0
20 0
8 0
