170
11 0
14 0
3 0
14 0
20 0
17 0
2 0
1 0
2 0
20 0
12 0
4 0
5 0
7 0
13 1
14 0
16 0
4 0
17 0
5 2
8 0
16 0
16 0
10 0
16 1
8 0
8 0
3 0
18 0
13 2
14 0
15 0
5 0
1 0
17 0
1 0
9 0
4 0
6 0
5 0
19 0
7 0
17 0
1 0
18 2
4 0
10 0
5 0
15 0
20 0
17 0
12 0
5 0
8 0
20 3
9 0
6 0
9 0
11 0
8 0
16 0
4 0
10 0
10 0
5 0
6 0
7 0
8 0
3 0
13 3
20 0
16 0
17 0
6 0
3 1
2 0
20 0
17 0
14 0
20 3
3 0
4 0
7 0
7 0
20 3
11 0
16 0
20 0
4 0
9 2
8 0
4 0
19 0
18 0
4 0
13 0
9 0
20 0
19 0
2 3
19 0
6 0
11 0
2 0
16 1
16 0
10 0
14 0
20 0
5 2
6 0
18 0
4 0
18 0
1 1
20 0
8 0
18 0
18 0
10 2
8 0
5 0
14 0
15 0
19 0
12 0
19 0
14 0
3 0
16 3
13 0
7 0
12 0
7 0
16 1
16 0
12 0
13 0
19 0
5 0
5 0
16 0
12 0
4 0
15 3
8 0
5 0
17 0
13 0
20 2
5 0
7 0
5 0
12 0
13 1
6 0
9 0
12 0
4 0
3 0
19 0
16 0
3 0
7 0
1 1
6 0
5 0
17 0
10 0
17 0
