150
1 0
10 0
13 0
12 0
6 0
4 0
11 0
16 0
9 0
6 3
13 0
13 0
16 0
2 0
1 2
8 0
14 0
17 0
16 0
6 1
9 0
17 0
2 0
5 0
2 2
17 0
12 0
5 0
4 0
9 2
9 0
7 0
9 0
3 0
6 1
17 0
11 0
11 0
10 0
4 2
4 0
16 0
14 0
17 0
3 3
17 0
13 0
5 0
5 0
9 2
1 0
1 0
5 0
15 0
1 3
14 0
12 0
11 0
2 0
6 3
5 0
19 0
6 0
17 0
11 0
11 0
4 0
17 0
14 0
18 1
17 0
3 0
5 0
14 0
4 1
20 0
3 0
15 0
3 0
12 2
1 0
9 0
16 0
6 0
18 1
1 0
2 0
3 0
16 0
9 1
1 0
14 0
12 0
1 0
17 0
7 0
13 0
10 0
3 0
5 0
10 0
7 0
10 0
9 0
19 1
7 0
4 0
18 0
8 0
5 1
7 0
8 0
3 0
8 0
8 1
15 0
9 0
15 0
19 0
15 1
4 0
5 0
9 0
6 0
20 3
14 0
9 0
11 0
5 0
17 1
7 0
7 0
15 0
20 0
20 0
7 0
11 0
19 0
4 0
7 2
11 0
13 0
11 0
6 0
13 2
2 0
13 0
20 0
1 0
3 2
