130
20 0
14 0
12 0
18 0
15 0
7 0
14 0
19 0
1 0
3 0
20 0
4 0
13 0
10 0
11 0
13 0
20 0
15 0
7 0
8 1
13 0
19 0
13 0
6 0
5 0
9 0
15 0
15 0
8 0
9 3
20 0
15 0
6 0
4 0
5 2
11 0
15 0
19 0
5 0
16 3
11 0
19 0
10 0
9 0
15 3
11 0
18 0
4 0
2 0
17 0
10 0
9 0
9 0
13 0
10 1
7 0
12 0
7 0
16 0
4 0
11 0
15 0
17 0
13 0
1 2
16 0
7 0
12 0
8 0
2 0
1 0
17 0
11 0
11 0
5 1
5 0
2 0
15 0
5 0
10 3
18 0
4 0
15 0
13 0
15 3
14 0
13 0
2 0
16 0
16 3
2 0
12 0
3 0
9 0
19 3
3 0
10 0
8 0
18 0
4 2
10 0
9 0
11 0
8 0
4 1
17 0
10 0
9 0
15 0
2 1
10 0
19 0
12 0
9 0
17 0
1 0
14 0
6 0
17 0
17 2
14 0
16 0
17 0
8 0
8 3
14 0
2 0
12 0
12 0
15 2
