190
8 0
2 0
13 0
9 0
16 3
6 0
19 0
19 0
17 0
18 2
18 0
8 0
18 0
5 0
19 0
12 0
19 0
9 0
16 0
17 3
15 0
18 0
6 0
4 0
17 1
3 0
15 0
18 0
6 0
3 0
16 0
12 0
9 0
10 0
5 1
16 0
4 0
1 0
14 0
18 0
8 0
2 0
4 0
7 0
20 3
2 0
18 0
1 0
15 0
20 1
1 0
13 0
17 0
1 0
9 2
8 0
18 0
6 0
10 0
3 3
11 0
12 0
11 0
11 0
15 1
5 0
18 0
13 0
8 0
4 3
10 0
3 0
12 0
4 0
11 0
10 0
12 0
2 0
6 0
14 1
4 0
3 0
15 0
4 0
8 2
15 0
13 0
15 0
12 0
1 1
2 0
11 0
2 0
8 0
12 0
13 0
15 0
3 0
4 0
10 2
14 0
1 0
7 0
12 0
12 1
11 0
12 0
11 0
17 0
17 0
4 0
17 0
6 0
17 0
18 3
15 0
1 0
4 0
19 0
6 3
20 0
18 0
19 0
18 0
2 1
19 0
10 0
14 0
8 0
16 3
16 0
10 0
13 0
6 0
10 2
16 0
3 0
16 0
10 0
12 1
7 0
20 0
11 0
4 0
1 2
14 0
15 0
1 0
2 0
9 3
18 0
3 0
5 0
3 0
6 3
17 0
18 0
17 0
6 0
3 1
6 0
1 0
17 0
18 0
17 2
19 0
17 0
19 0
18 0
13 0
10 0
20 0
19 0
10 0
15 2
10 0
18 0
10 0
8 0
6 2
5 0
4 0
11 0
4 0
15 1
20 0
2 0
15 0
17 0
7 2
