9
18
15 23 52 29 12 30 6 47 56 25 14 14 29 35 49 30 31 48 
0
61
44 10 58 12 25 46 48 16 55 7 50 41 9 20 57 49 47 49 42 44 54 44 48 2 4 3 44 58 18 54 27 45 60 1 54 19 17 50 25 6 29 22 36 33 44 11 51 11 25 60 5 31 3 44 51 10 38 58 8 54 13 
44
36
47 54 38 58 49 42 16 28 55 11 26 31 42 58 1 37 36 44 7 9 8 20 58 33 22 16 34 39 13 52 44 19 24 21 11 19 
20
51
25 11 43 56 57 51 19 28 4 2 29 17 35 60 5 57 27 5 17 26 30 6 51 31 4 7 50 46 27 30 25 29 37 59 46 13 21 5 51 5 52 25 49 26 33 55 20 7 41 26 54 
43
16
24 3 28 12 18 23 9 40 32 32 30 43 21 27 4 14 
37
38
43 31 44 45 50 40 46 56 25 56 52 39 7 56 43 50 18 50 46 19 21 12 42 4 10 47 45 46 52 20 38 14 50 17 48 18 36 50 
93
14
11 22 7 21 21 17 31 11 10 5 32 37 39 38 
0
24
22 46 9 25 50 46 21 45 6 37 59 33 44 28 50 43 16 42 46 60 37 45 52 45 
22
26
19 38 45 4 9 23 18 45 38 44 47 26 11 34 36 59 8 6 52 5 56 41 55 44 37 21 
78
