8
43
13 14 33 34 11 14 16 24 38 37 14 11 20 19 30 24 33 20 31 19 15 26 13 13 20 6 13 35 16 11 26 11 39 4 32 28 36 37 33 2 17 9 38 
68
22
39 2 9 13 22 15 33 36 1 36 9 40 1 32 25 7 37 17 35 31 3 21 
78
5
28 28 10 18 10 
10
33
9 4 34 38 34 11 31 17 33 13 36 17 5 37 20 23 5 22 23 38 12 37 25 33 5 32 24 19 18 16 27 30 18 
16
31
35 28 31 35 31 12 29 16 35 16 14 24 9 1 7 30 15 33 12 11 4 12 33 24 30 37 3 18 5 40 17 
29
37
27 22 19 12 23 3 5 9 6 33 36 40 3 40 1 27 29 38 25 25 34 10 30 1 8 21 15 19 7 22 33 5 26 3 18 22 4 
24
45
22 5 15 40 7 9 13 15 29 18 36 15 11 22 6 5 8 16 11 5 9 32 31 5 26 26 31 24 17 34 28 5 11 35 33 37 39 37 19 19 36 4 32 3 10 
76
8
19 35 30 25 6 12 28 4 
0
