8
58
58 51 33 22 37 68 43 3 44 56 64 4 19 50 62 36 26 20 4 38 22 56 32 38 46 32 57 17 16 21 6 43 54 37 61 53 50 53 31 31 68 60 6 52 41 66 65 65 47 40 45 31 13 43 11 60 12 1 
77
8
19 7 66 37 41 45 68 23 
36
56
29 42 31 15 1 27 32 40 39 64 15 61 46 8 56 40 59 40 37 56 10 64 46 3 58 57 31 16 47 4 44 42 43 17 3 9 20 67 10 31 12 33 42 60 3 18 28 33 68 67 41 58 45 14 23 62 
67
33
68 68 39 51 35 59 33 15 64 19 11 4 6 12 14 68 32 31 11 60 38 62 9 1 27 18 63 45 47 55 4 70 57 
49
57
69 29 29 21 25 40 9 67 41 2 64 3 52 27 24 2 3 41 49 47 61 25 43 69 42 42 5 35 12 8 22 18 51 63 45 52 8 22 36 26 38 59 18 18 35 17 51 53 14 29 32 21 44 4 16 62 24 
43
64
6 61 42 52 14 57 44 3 51 63 33 34 43 43 15 41 50 11 27 15 61 31 1 26 61 53 16 32 11 52 11 33 39 9 67 5 48 14 54 13 24 20 62 55 38 53 22 7 47 6 68 5 35 37 12 57 3 65 54 32 70 1 23 49 
95
5
17 16 53 52 15 
28
72
50 51 34 32 37 62 31 28 40 60 50 40 30 11 13 56 69 67 36 11 57 17 48 34 59 68 27 44 16 53 6 40 68 42 60 53 57 38 61 12 6 24 27 45 14 55 47 29 25 59 46 47 68 16 1 7 65 67 64 42 48 9 63 34 66 15 13 57 29 49 9 9 
27
