7
71
42 71 3 57 40 27 59 33 76 72 28 69 76 65 22 38 50 26 73 48 51 70 10 2 30 8 74 35 44 24 52 23 38 20 23 19 50 49 76 35 20 80 22 68 26 41 16 18 55 46 75 50 73 1 31 77 33 50 22 6 42 47 40 5 33 40 64 24 16 25 47 
63
69
67 50 15 10 39 61 79 6 78 57 39 75 36 17 19 47 34 19 68 21 29 66 73 46 48 14 24 29 1 38 58 51 13 59 65 7 8 14 30 54 57 79 48 65 64 33 27 73 77 14 70 34 58 79 41 59 41 43 23 31 72 70 44 75 29 69 48 37 26 
79
48
77 36 61 68 57 6 56 34 7 2 41 71 9 66 39 48 34 54 1 46 48 10 61 46 12 19 25 21 22 50 78 50 76 31 36 11 54 2 32 79 43 77 25 8 35 25 20 30 
49
13
14 65 55 53 39 17 42 21 66 14 32 68 64 
75
30
19 69 11 57 17 69 75 35 29 59 26 25 55 58 13 56 23 51 36 5 3 26 15 4 42 54 77 45 48 79 
77
10
33 70 62 14 6 11 15 38 29 70 
70
79
54 7 21 46 56 33 5 65 1 69 16 17 29 63 74 56 80 15 79 42 15 60 14 26 60 80 63 17 43 58 3 79 77 35 40 34 3 22 62 17 12 36 66 58 7 19 16 78 67 41 46 74 26 16 13 43 77 57 43 5 65 27 61 10 71 4 10 52 1 28 60 15 61 67 52 6 34 49 30 
89
