7
281
983 636 2302 3308 4609 3437 3517 3402 5224 1596 3529 2843 3180 3427 2927 216 3620 216 3061 2764 4927 2937 596 4309 1788 2781 5477 2866 250 4030 84 1038 1263 3843 3689 2534 3923 1864 3821 2570 497 3826 441 1689 760 4048 3996 853 125 3908 4677 3937 2347 1970 996 1445 2489 4468 3123 4996 2652 3682 4682 1298 4952 1382 3363 3660 425 5248 1324 2873 3585 557 3063 1038 137 1163 853 3783 4960 818 5279 3370 122 1978 2858 3824 5237 5155 4778 531 4588 460 3211 5403 5192 704 2021 4669 2375 4940 1320 216 475 633 3397 2558 4456 2596 2741 2349 228 3887 1341 3973 5330 5350 2671 4608 1152 756 1000 5162 4915 3546 2585 1511 5027 1656 1632 1128 693 4660 5196 792 479 2466 3866 482 1246 2165 5220 3435 931 2846 2427 1323 3108 1237 3801 3893 5443 3754 4335 2776 56 4679 1678 4707 3183 1822 95 1452 772 1459 2497 4759 2666 1009 2845 1306 4886 2717 2277 2872 2398 159 1777 2804 4620 1452 3514 1241 5183 867 46 4010 1106 4565 617 4572 329 370 3706 2622 883 1673 2276 3296 4634 2368 303 3152 2149 3021 269 2545 4818 1033 5237 348 2849 4950 267 5363 5491 21 472 3939 1584 216 3872 627 483 324 4923 3493 1465 3685 3615 1112 934 268 4932 1597 1411 2921 4496 778 1722 4521 2979 716 3762 621 3059 2804 5496 1940 2670 3458 1239 210 1059 4310 5137 3995 828 367 3006 4516 4998 5270 1910 4992 4707 2552 1278 1738 1601 2190 3960 851 2144 3568 825 2119 482 4719 675 
760
239
4220 185 3360 2923 601 2700 1547 2332 814 2280 4037 3222 4297 2716 5400 4682 3483 1024 3308 2601 4274 2085 2161 4199 862 3617 5093 740 1752 5133 1761 160 1927 153 4876 4915 2132 2168 1679 642 1471 109 2268 4207 1077 2448 918 5297 2092 5178 1280 2708 4043 1858 1800 4391 3116 902 2034 2039 254 1910 1847 5328 274 863 3654 3954 3232 378 271 3165 4384 3549 1915 1596 3775 2728 2914 5200 631 461 3552 4463 4810 960 3018 2201 4750 1782 1894 4646 2147 4466 976 425 2182 2981 2841 2516 2874 4663 4961 3643 1414 808 3743 2025 4111 3717 4220 1432 214 3318 3710 1103 4148 1637 4292 477 3457 3131 2267 73 3492 982 4199 1447 588 5264 187 1792 5151 1467 1264 3739 24 2466 136 5389 4297 3221 141 5166 5090 939 1685 1574 2234 4677 2495 1656 857 2501 3161 1713 2818 2571 2536 3114 4953 3476 1148 4505 3329 3674 5112 4037 4996 2250 3178 5089 984 905 2795 3716 199 1823 3875 2709 3569 1647 2499 1344 2925 5179 5413 4923 3302 2694 1192 4068 2587 830 4726 4425 5140 3769 4480 2360 4611 3529 5355 794 4447 4974 1692 4514 3710 3960 1322 2811 3896 2191 4792 2107 1469 1883 2579 2481 3453 211 1414 2176 5334 5147 1358 271 616 2781 3016 1403 3956 816 3597 5219 1546 4937 2484 
43
203
1830 2801 2170 1836 2449 1553 3366 3132 2913 2278 4695 1561 3354 314 1397 5275 2782 2897 487 1678 1949 4312 161 4659 4036 665 1596 2713 903 4007 4045 2622 4234 3600 3151 1133 2460 1826 4846 4689 1139 3599 5241 4172 61 100 2231 3657 2527 2678 5185 19 2103 124 4132 4641 94 3851 499 276 3179 269 4586 5237 3866 1755 1027 2806 1178 1063 1884 864 1715 1871 3749 886 3423 923 2104 31 2829 2727 1581 1536 1824 1722 1429 2353 1562 1833 1231 2845 1912 861 1255 3349 2274 3860 2374 2051 292 607 3387 1173 4588 1911 2546 2079 1017 2962 5035 2646 2693 1952 2475 3690 3398 3612 4012 1024 3840 3900 1022 4846 3103 479 4775 4550 557 977 4798 2483 3705 2944 3247 266 4562 1332 5307 3473 2504 643 4093 678 317 654 1164 4776 3991 4628 5465 3786 2769 3271 2484 1734 4576 3712 1760 650 3696 4009 867 4425 2643 3618 839 3364 4626 2097 394 2022 1408 1441 236 1865 2079 2377 2343 2495 4945 3085 1888 4545 71 4449 1752 4146 3807 755 2137 3899 1956 2774 2908 2112 2063 3508 577 3624 5326 489 2750 
177
261
4202 1228 2750 1009 2328 426 2193 4544 2809 1085 1507 1542 5133 4483 3014 2111 4107 2664 3439 1330 2111 3481 4577 3140 5455 443 2533 938 2529 373 4491 4735 3105 5092 645 90 2795 3622 2988 3924 5325 5114 3449 828 1670 4112 453 1948 196 1449 2503 429 1985 3350 1986 4488 4350 3234 148 3248 3433 994 2504 3110 2650 3881 107 1426 4466 1059 2629 923 2883 3782 2453 1831 2199 2772 3597 3890 100 4512 2658 139 4736 3576 4776 1092 1181 2027 4061 316 1224 326 318 2968 262 2467 215 1518 3140 1845 2806 5378 3292 4114 242 3570 1713 448 3095 1266 4316 4296 3542 5092 4566 2181 1267 1145 4548 2648 2436 4725 4386 1401 2292 2566 2143 4118 1180 1849 3155 1530 4621 1277 1301 3961 2575 1813 4170 1799 4522 1861 2415 4721 4975 591 1301 884 4552 3239 32 10 4523 2672 5425 3940 4726 3363 5053 25 4797 3073 672 1149 3534 906 666 837 3598 651 4803 4346 1462 2623 4075 4942 30 3884 1539 1570 2371 4325 2660 4593 5157 2062 3800 2553 3385 3092 3758 1015 2644 2486 1670 4877 4795 2751 3646 4739 2465 1473 1891 4312 299 2378 1975 4975 3851 421 3282 2236 2419 4552 4975 5143 4512 2848 1285 2497 3612 1329 4555 1310 3626 3363 4493 3846 1886 2525 1181 666 4539 3209 4664 3574 1907 3909 2562 2505 1694 2497 4112 4473 291 5429 4542 1019 1021 2874 731 4503 1837 1167 1347 498 2164 2166 5027 
691
295
2314 4023 2266 809 3001 3575 45 4038 4589 967 483 1719 4940 1982 2820 3810 3994 5295 1133 2719 3225 3702 755 789 350 2368 2200 636 3182 1957 4681 3312 5256 3667 2326 3937 2500 5289 1163 534 2309 5004 4192 930 3203 2027 1645 5109 4090 3748 3252 5354 1346 3744 3999 4095 4066 2550 5363 4920 1732 4215 4840 1284 4957 2425 1868 2007 2839 3796 1723 5095 1469 3941 350 4222 5493 4677 3852 1896 1210 2751 175 2411 2059 2716 2193 4400 229 2943 604 230 861 5283 4048 1354 1624 96 141 4696 5002 4535 2832 3723 5144 3617 1232 2464 765 1665 2898 3776 1450 4845 1790 522 3711 4314 3673 4323 4922 4848 3642 207 3958 1977 1484 1736 3267 2546 570 3480 2566 4824 1542 5150 895 4489 2918 396 785 1407 1702 5001 407 2182 5409 1199 3617 3249 1020 2328 2514 4858 111 3609 2793 2179 733 3197 2612 4025 4257 1854 29 1950 4596 3086 2704 2614 5474 786 2275 4881 4644 574 3216 1196 4555 1202 4272 2526 2844 1545 4431 925 1220 3962 1788 1122 5146 3117 4738 4239 3817 774 2978 2844 4883 4328 5336 2029 3830 2994 2900 865 833 1019 2142 5119 1754 2322 4594 2665 3500 4998 392 1276 2096 4550 3918 5245 2902 3341 3314 4767 1891 3745 2644 2236 4749 4028 1024 1858 4968 1579 4385 4348 3426 3477 4485 260 412 4819 3054 5102 3394 3485 3498 603 681 5197 2444 2719 421 3360 5450 3935 2270 4090 2622 61 1251 1414 844 505 3765 4298 4897 1936 2621 3520 1536 943 2929 4756 3613 4520 1253 3674 574 708 582 4007 3814 3671 2669 1411 3597 135 451 1049 806 1590 5440 
373
220
4764 2426 1945 1355 2242 2689 2834 2217 1397 5134 5040 827 4501 1281 4349 872 4273 3047 1812 1340 479 937 890 4296 1860 5361 166 2002 2271 4058 387 427 772 4666 4489 5269 3897 4730 3026 3453 4556 255 1065 1609 779 3206 2598 614 5381 2139 4258 2411 5000 2640 2113 3153 3917 3470 3497 1875 1384 1598 2505 4817 567 1213 3211 5021 2114 3496 534 226 1735 1161 5467 3792 2666 1537 5372 5264 3162 4308 3854 253 1935 1912 4243 2350 1401 252 5022 1291 1735 377 4088 1593 2454 1692 4915 5411 3581 2053 2752 4750 3753 557 2018 3540 2139 4429 3635 2066 865 2488 2520 5408 4395 4432 1049 1801 660 675 3036 2524 4076 5478 1493 1250 4389 5141 565 3278 811 1370 2664 898 1238 1061 1917 2776 3086 583 1548 4255 2548 2261 3883 398 300 3185 3847 3719 2048 2737 294 4758 1682 4542 3119 3059 1206 559 3997 1539 4114 4059 1902 531 622 2768 4024 2824 1598 647 4485 1348 4372 2876 3390 4566 3326 4844 3691 2554 1659 2431 2613 861 5392 1142 2066 2892 4957 1059 3828 540 2440 3888 1101 3055 3898 2368 5353 663 4640 4306 4986 3214 5176 3404 1033 2431 3856 5135 4350 5002 4191 1364 1168 4510 
546
223
383 3113 1968 1550 2047 71 172 727 2755 835 3418 4617 4229 3113 2533 4866 4166 1187 4184 125 145 4097 4960 4661 5362 2479 5460 3925 4275 1782 557 2885 1554 1298 3390 2467 1720 949 2451 3680 5384 3554 472 5186 1075 3336 4738 378 2492 2241 1180 3087 5295 2436 3791 3549 2491 3777 762 4899 2290 3916 3526 641 3651 1900 2159 3071 2670 5224 3844 2217 4954 1692 740 5293 3250 2152 170 5088 1093 5020 2520 3393 5233 5120 1531 992 4466 722 1064 4967 5421 2240 4998 4178 3668 2774 1792 3956 2204 3723 1446 3432 2956 1703 4245 2295 3527 1752 3227 2574 5157 1398 3376 4539 3273 3304 4601 1435 3688 1706 1435 547 1417 1513 3249 94 1518 1876 3270 1151 1983 4933 2480 655 4832 1525 421 4644 1478 3674 503 3492 4651 1099 4275 2055 3740 3406 3524 2991 1225 3956 121 4498 5087 2279 2841 5128 2085 1512 1644 4585 3400 147 2359 3917 712 3492 4156 482 1728 2696 3325 2547 5163 1120 1366 3852 2351 123 3344 3565 4171 1071 4370 703 325 3947 627 3178 1890 4973 2203 3657 2842 608 3558 2834 4151 640 4626 1381 2466 1583 4110 734 2038 954 2101 243 4635 5234 3508 3373 2251 1684 2413 59 3962 2371 4463 
342
