4
101
527 3437 3732 3456 2471 4257 2429 4260 3234 1552 3719 2122 4552 2636 3669 1524 9 2319 2970 3175 573 3292 1176 3133 4455 3913 1670 100 2169 1898 1470 2664 3347 2422 2341 4106 2735 1035 135 4146 2568 4592 1957 1349 880 2442 1964 4473 3137 98 1537 870 3248 462 4648 1576 4907 1489 1800 1562 1247 918 1078 386 1494 3201 3830 55 4263 1657 1848 1094 1878 4528 1251 3314 1326 982 4795 3218 4291 3784 1301 498 3681 3956 4807 634 1023 667 4030 59 224 4786 2353 3289 1053 2904 2303 1626 2514 
369
144
1332 1426 1031 1400 1981 2330 1314 644 1413 764 758 3629 2634 131 4029 3356 2866 4677 3264 4 4873 4464 1471 3730 4933 2337 1587 2581 3978 766 4038 371 2478 404 1963 1320 1098 2476 4895 4994 1090 2566 3152 1838 3381 979 3987 3329 114 836 782 4597 1946 521 1168 4448 874 4079 3500 50 1439 4385 2905 2991 2242 2324 121 4028 1624 2570 4880 2478 1950 3401 298 1554 1477 164 4406 679 3284 3705 3204 548 1318 4909 1931 2086 693 1902 3809 1195 4152 4349 3109 4210 1859 3958 998 1372 4250 4939 97 2857 1015 4651 2603 1571 4606 1107 573 1080 176 105 602 4871 2415 4298 1692 4869 3348 4670 314 4236 2695 2030 814 643 948 3112 1871 1530 460 1767 4580 1332 544 4490 2826 4995 3434 1416 3014 283 
764
119
1534 673 2745 2759 698 804 2195 2565 1380 1876 3386 1332 3285 730 1130 2056 2232 1595 3015 2455 1232 2942 3023 2169 1177 1205 4140 1828 2996 2579 3804 3234 1130 1164 1137 4788 1279 576 1366 3738 1869 3268 283 1798 1198 990 2214 4257 3469 2122 777 826 1404 2758 3949 1514 78 1122 1660 4942 3762 4045 2404 2928 1804 2215 272 926 2667 4320 1881 1573 2657 792 340 1225 4988 3076 3766 2993 538 2060 2015 216 4604 1904 1121 1297 3094 2028 1335 810 1780 447 1104 2807 403 1181 3959 3182 184 4345 196 4068 3144 322 4414 2857 170 1130 1211 4546 1578 820 4829 1619 1235 2280 3315 
271
199
3032 1736 4161 481 2263 3009 1958 3925 4554 1066 4227 944 3660 2404 1013 4398 1214 389 1098 51 4392 3723 2765 2760 1513 2438 1640 245 4986 3794 591 4009 3969 2989 1293 3323 3529 3339 3915 3084 3046 65 2619 429 3499 462 3964 753 3770 1296 2069 747 3534 543 2237 1030 105 2486 2214 4392 1337 2739 57 4477 820 2502 2733 1710 117 623 4149 1456 2492 848 3459 4436 3593 3405 4852 1667 4054 3965 2771 1454 3252 1615 4542 3162 4901 1196 2046 647 4449 3378 3891 1249 161 3209 1941 374 4836 1720 592 1748 2851 2654 1395 4425 285 2796 1561 2482 1230 4897 622 3004 196 2993 3968 254 159 1263 4210 3333 2153 4363 4943 1965 550 4420 29 1696 566 3992 4063 1751 4401 1149 936 388 3486 4916 1919 2167 2469 2268 3366 832 3309 2161 4748 1155 2436 3 70 4146 3763 165 3508 3804 2359 706 3764 3590 4121 4498 4962 3507 1825 4024 2114 2665 1636 1372 2680 4095 1075 897 4716 4665 2432 875 1471 1993 3546 3488 3224 3456 3352 1533 2643 4333 1687 1073 1115 573 787 3633 1089 
257
