6
55
5393 1947 2557 7302 147 5330 1534 8106 2428 2131 4704 1943 3186 3169 8509 4917 2949 2959 6416 4065 3581 1744 1200 6347 8469 928 1635 8186 1087 9327 468 1929 6848 2585 4865 2560 6722 7952 219 2844 7728 4017 288 2559 2755 3953 7952 2395 185 739 3665 2271 8094 8454 5692 
96
8
7536 9065 6412 6213 5844 9380 1674 2417 
0
60
2922 7881 6838 2783 8302 8962 7790 255 2453 7908 1974 5185 9015 1726 846 8940 9430 6646 1079 6409 3255 7630 4259 1730 4258 6783 393 4334 6771 284 7164 6260 320 6766 4540 5647 6871 9459 3227 8856 1233 1236 6007 238 2289 3531 8511 4111 2277 7521 7030 2423 1392 2204 5858 8418 2454 4199 8271 3631 
846
68
5072 987 6598 1112 8606 8747 6443 6434 2097 7891 6505 3033 2046 2273 5935 2823 1296 482 8461 5779 589 3626 2709 8135 89 6664 8153 4608 2993 5449 7792 3238 1216 4706 98 6181 6009 8408 8468 1627 1868 2505 4175 5263 6150 6653 3231 8744 7109 8881 5188 162 4808 1835 8141 8477 9304 1185 6499 5617 4002 5382 217 9242 484 5439 8366 4363 
0
57
5102 9378 1301 3458 1447 7639 9307 175 3872 8551 2116 1850 8225 8441 1813 4552 4457 3770 6664 8623 6197 3307 7259 3504 7380 2261 1279 4732 1944 5205 4881 3190 3611 1346 4535 4901 528 4669 6576 7245 1939 1313 1780 4873 5841 2067 5991 7318 1923 1094 2427 5102 3134 6792 5441 3243 8523 
484
41
8591 7488 58 5330 7484 6693 6670 3884 5833 654 973 6081 6288 6798 6143 3172 2112 8982 4167 1053 6259 5865 4323 6682 2902 4481 1915 3440 758 549 3722 240 6908 7174 1650 2949 4013 1492 1204 8579 7392 
576
